248 246 243 246 248 245 244 246 245 247 246 243 246 248 245 244
246 246 245 246 246 245 245 246 245 246 246 245 246 246 245 245
243 245 249 246 243 244 242 240 241 239 242 249 246 244 247 248
246 246 246 246 246 167 138 132 121 112 159 246 246 246 246 246
248 246 243 246 249 132 131 235 232 233 238 243 246 248 244 244
245 245 247 246 245 125 123 245 246 245 245 247 246 245 246 246
244 245 246 246 244 114 114 245 246 245 245 247 245 245 246 247
246 246 245 246 246 102  68 140 140 149 228 245 246 246 245 245
245 245 246 246 245  86  61 163 163 169 231 246 245 245 246 246
247 246 244 246 247  79  90 246 245 246 246 244 246 247 245 244
246 246 245 246 246  79  90 246 245 246 246 245 246 246 245 245
243 245 249 246 243  81  89 245 246 244 245 250 246 243 247 248
246 246 246 246 246 126 135 246 245 246 246 246 246 246 246 246
248 246 244 246 248 238 238 246 245 247 246 243 246 248 244 243
245 245 247 246 244 246 246 245 246 245 245 247 246 244 246 246
244 245 248 246 244 246 247 245 246 244 245 248 246 243 246 247
248 246 243 246 248 245 244 246 245 247 246 243 246 248 245 244
246 246 245 246 246 245 245 246 245 246 246 245 246 246 245 245
243 245 249 246 243 244 242 240 241 239 242 249 246 244 247 248
246 246 246 246 246 167 138 132 121 112 159 246 246 246 246 246
248 246 243 246 249 132 131 235 232 233 238 243 246 248 244 244
245 245 247 246 245 125 123 245 246 245 245 247 246 245 246 246
244 245 246 246 244 114 114 245 246 245 245 247 245 245 246 247
246 246 245 246 246 102  68 140 140 149 228 245 246 246 245 245
245 245 246 246 245  86  61 163 163 169 231 246 245 245 246 246
247 246 244 246 247  79  90 246 245 246 246 244 246 247 245 244
246 246 245 246 246  79  90 246 245 246 246 245 246 246 245 245
243 245 249 246 243  81  89 245 246 244 245 250 246 243 247 248
246 246 246 246 246 126 135 246 245 246 246 246 246 246 246 246
248 246 244 246 248 238 238 246 245 247 246 243 246 248 244 243
245 245 247 246 244 246 246 245 246 245 245 247 246 244 246 246
244 245 248 246 244 246 247 245 246 244 245 248 246 243 246 247
248 246 243 246 248 245 244 246 245 247 246 243 246 248 245 244
246 246 245 246 246 245 245 246 245 246 246 245 246 246 245 245
243 245 249 246 243 244 242 240 241 239 242 249 246 244 247 248
246 246 246 246 246 167 138 132 121 112 159 246 246 246 246 246
248 246 243 246 249 132 131 235 232 233 238 243 246 248 244 244
245 245 247 246 245 125 123 245 246 245 245 247 246 245 246 246
244 245 246 246 244 114 114 245 246 245 245 247 245 245 246 247
246 246 245 246 246 102  68 140 140 149 228 245 246 246 245 245
245 245 246 246 245  86  61 163 163 169 231 246 245 245 246 246
247 246 244 246 247  79  90 246 245 246 246 244 246 247 245 244
246 246 245 246 246  79  90 246 245 246 246 245 246 246 245 245
243 245 249 246 243  81  89 245 246 244 245 250 246 243 247 248
246 246 246 246 246 126 135 246 245 246 246 246 246 246 246 246
248 246 244 246 248 238 238 246 245 247 246 243 246 248 244 243
245 245 247 246 244 246 246 245 246 245 245 247 246 244 246 246
244 245 248 246 244 246 247 245 246 244 245 248 246 243 246 247

244 245 249 247 244 247 247 245 246 245 245 249 246 244 247 248
245 246 247 246 245 246 246 246 246 246 246 247 246 245 247 247
249 247 244 246 249 246 245 247 245 247 247 244 247 249 245 244
247 246 246 246 247 246 246 246 246 246 246 246 247 247 246 246
244 245 249 247 243 247 247 245 247 245 245 250 246 244 247 249
247 246 241 161 243 246 246 229 233 246 246 245 246 247 246 245
247 246 237 109 240 246 246 146 177 246 246 245 246 247 246 245
245 246 239 119 238 246 246 134 171 245 246 247 246 245 246 246
246 246 239 129 241 246 245 135 171 246 246 245 246 247 246 245
245 246 240 136 133 125 116  67  66  94  94  93 141 240 246 247
245 246 242 165 131 123 111  99  82  75  75  78 127 240 246 247
249 247 244 246 250 245 245 247 245 247 247 243 247 249 245 244
246 246 247 247 246 246 246 246 246 246 246 247 246 246 246 247
244 245 249 247 244 247 247 245 247 245 246 249 246 244 247 249
247 247 245 246 247 246 246 246 246 246 246 245 246 247 246 245
248 247 244 246 249 245 245 246 245 247 247 244 247 249 245 244
244 245 249 247 244 247 247 245 246 245 245 249 246 244 247 248
245 246 247 246 245 246 246 246 246 246 246 247 246 245 247 247
249 247 244 246 249 246 245 247 245 247 247 244 247 249 245 244
247 246 246 246 247 246 246 246 246 246 246 246 247 247 246 246
244 245 249 247 243 247 247 245 247 245 245 250 246 244 247 249
247 246 241 161 243 246 246 229 233 246 246 245 246 247 246 245
247 246 237 109 240 246 246 146 177 246 246 245 246 247 246 245
245 246 239 119 238 246 246 134 171 245 246 247 246 245 246 246
246 246 239 129 241 246 245 135 171 246 246 245 246 247 246 245
245 246 240 136 133 125 116  67  66  94  94  93 141 240 246 247
245 246 242 165 131 123 111  99  82  75  75  78 127 240 246 247
249 247 244 246 250 245 245 247 245 247 247 243 247 249 245 244
246 246 247 247 246 246 246 246 246 246 246 247 246 246 246 247
244 245 249 247 244 247 247 245 247 245 246 249 246 244 247 249
247 247 245 246 247 246 246 246 246 246 246 245 246 247 246 245
248 247 244 246 249 245 245 246 245 247 247 244 247 249 245 244
244 245 249 247 244 247 247 245 246 245 245 249 246 244 247 248
245 246 247 246 245 246 246 246 246 246 246 247 246 245 247 247
249 247 244 246 249 246 245 247 245 247 247 244 247 249 245 244
247 246 246 246 247 246 246 246 246 246 246 246 247 247 246 246
244 245 249 247 243 247 247 245 247 245 245 250 246 244 247 249
247 246 241 161 243 246 246 229 233 246 246 245 246 247 246 245
247 246 237 109 240 246 246 146 177 246 246 245 246 247 246 245
245 246 239 119 238 246 246 134 171 245 246 247 246 245 246 246
246 246 239 129 241 246 245 135 171 246 246 245 246 247 246 245
245 246 240 136 133 125 116  67  66  94  94  93 141 240 246 247
245 246 242 165 131 123 111  99  82  75  75  78 127 240 246 247
249 247 244 246 250 245 245 247 245 247 247 243 247 249 245 244
246 246 247 247 246 246 246 246 246 246 246 247 246 246 246 247
244 245 249 247 244 247 247 245 247 245 246 249 246 244 247 249
247 247 245 246 247 246 246 246 246 246 246 245 246 247 246 245
248 247 244 246 249 245 245 246 245 247 247 244 247 249 245 244

247 246 243 246 248 245 244 246 245 247 246 244 246 248 245 244
246 246 244 246 247 245 245 246 245 246 246 244 246 247 245 245
243 244 248 246 243 246 247 245 246 238 238 248 246 244 246 248
246 246 246 246 246 246 246 245 246 135 126 246 246 246 246 246
248 247 243 246 250 245 244 246 245  89  81 243 246 249 245 243
245 245 246 246 245 246 246 245 246  90  79 246 246 245 246 246
244 245 247 246 244 246 246 245 246  90  79 247 246 244 246 247
246 246 245 245 246 231 169 163 163  61  86 245 246 246 245 245
245 245 246 246 245 228 149 140 140  68 102 246 246 245 246 246
247 246 245 245 247 245 245 246 245 114 114 244 246 246 245 244
246 246 245 246 247 245 245 246 245 123 125 245 246 247 245 245
244 244 248 246 243 238 233 232 235 131 132 249 246 243 246 248
246 246 246 246 246 159 112 121 132 138 167 246 246 246 246 246
248 247 244 246 249 242 239 241 240 242 244 243 246 249 245 243
245 245 246 246 245 246 246 245 246 245 245 246 246 245 246 246
244 245 248 246 243 246 247 245 246 244 245 248 246 243 246 248
247 246 243 246 248 245 244 246 245 247 246 244 246 248 245 244
246 246 244 246 247 245 245 246 245 246 246 244 246 247 245 245
243 244 248 246 243 246 247 245 246 238 238 248 246 244 246 248
246 246 246 246 246 246 246 245 246 135 126 246 246 246 246 246
248 247 243 246 250 245 244 246 245  89  81 243 246 249 245 243
245 245 246 246 245 246 246 245 246  90  79 246 246 245 246 246
244 245 247 246 244 246 246 245 246  90  79 247 246 244 246 247
246 246 245 245 246 231 169 163 163  61  86 245 246 246 245 245
245 245 246 246 245 228 149 140 140  68 102 246 246 245 246 246
247 246 245 245 247 245 245 246 245 114 114 244 246 246 245 244
246 246 245 246 247 245 245 246 245 123 125 245 246 247 245 245
244 244 248 246 243 238 233 232 235 131 132 249 246 243 246 248
246 246 246 246 246 159 112 121 132 138 167 246 246 246 246 246
248 247 244 246 249 242 239 241 240 242 244 243 246 249 245 243
245 245 246 246 245 246 246 245 246 245 245 246 246 245 246 246
244 245 248 246 243 246 247 245 246 244 245 248 246 243 246 248
247 246 243 246 248 245 244 246 245 247 246 244 246 248 245 244
246 246 244 246 247 245 245 246 245 246 246 244 246 247 245 245
243 244 248 246 243 246 247 245 246 238 238 248 246 244 246 248
246 246 246 246 246 246 246 245 246 135 126 246 246 246 246 246
248 247 243 246 250 245 244 246 245  89  81 243 246 249 245 243
245 245 246 246 245 246 246 245 246  90  79 246 246 245 246 246
244 245 247 246 244 246 246 245 246  90  79 247 246 244 246 247
246 246 245 245 246 231 169 163 163  61  86 245 246 246 245 245
245 245 246 246 245 228 149 140 140  68 102 246 246 245 246 246
247 246 245 245 247 245 245 246 245 114 114 244 246 246 245 244
246 246 245 246 247 245 245 246 245 123 125 245 246 247 245 245
244 244 248 246 243 238 233 232 235 131 132 249 246 243 246 248
246 246 246 246 246 159 112 121 132 138 167 246 246 246 246 246
248 247 244 246 249 242 239 241 240 242 244 243 246 249 245 243
245 245 246 246 245 246 246 245 246 245 245 246 246 245 246 246
244 245 248 246 243 246 247 245 246 244 245 248 246 243 246 248

244 245 249 247 244 247 247 245 246 245 245 249 246 244 247 248
245 246 247 246 245 246 246 246 246 246 246 247 246 245 247 247
249 247 244 246 249 246 245 247 245 247 247 244 247 249 245 244
247 246 246 246 247 246 246 246 246 246 246 246 247 247 246 246
244 245 249 247 243 247 247 245 247 245 245 250 246 244 247 249
247 246 240 127  78  75  75  82  99 111 123 131 165 242 246 245
247 246 240 141  93  94  94  66  67 116 125 133 136 240 246 245
245 246 247 246 245 246 246 171 135 245 246 241 129 239 246 246
246 246 245 246 247 246 245 171 134 246 246 238 119 239 246 245
245 246 247 246 245 246 246 177 146 246 246 240 109 237 246 247
245 246 247 246 245 246 246 233 229 246 246 243 161 241 246 247
249 247 244 246 250 245 245 247 245 247 247 243 247 249 245 244
246 246 247 247 246 246 246 246 246 246 246 247 246 246 246 247
244 245 249 247 244 247 247 245 247 245 246 249 246 244 247 249
247 247 245 246 247 246 246 246 246 246 246 245 246 247 246 245
248 247 244 246 249 245 245 246 245 247 247 244 247 249 245 244
244 245 249 247 244 247 247 245 246 245 245 249 246 244 247 248
245 246 247 246 245 246 246 246 246 246 246 247 246 245 247 247
249 247 244 246 249 246 245 247 245 247 247 244 247 249 245 244
247 246 246 246 247 246 246 246 246 246 246 246 247 247 246 246
244 245 249 247 243 247 247 245 247 245 245 250 246 244 247 249
247 246 240 127  78  75  75  82  99 111 123 131 165 242 246 245
247 246 240 141  93  94  94  66  67 116 125 133 136 240 246 245
245 246 247 246 245 246 246 171 135 245 246 241 129 239 246 246
246 246 245 246 247 246 245 171 134 246 246 238 119 239 246 245
245 246 247 246 245 246 246 177 146 246 246 240 109 237 246 247
245 246 247 246 245 246 246 233 229 246 246 243 161 241 246 247
249 247 244 246 250 245 245 247 245 247 247 243 247 249 245 244
246 246 247 247 246 246 246 246 246 246 246 247 246 246 246 247
244 245 249 247 244 247 247 245 247 245 246 249 246 244 247 249
247 247 245 246 247 246 246 246 246 246 246 245 246 247 246 245
248 247 244 246 249 245 245 246 245 247 247 244 247 249 245 244
244 245 249 247 244 247 247 245 246 245 245 249 246 244 247 248
245 246 247 246 245 246 246 246 246 246 246 247 246 245 247 247
249 247 244 246 249 246 245 247 245 247 247 244 247 249 245 244
247 246 246 246 247 246 246 246 246 246 246 246 247 247 246 246
244 245 249 247 243 247 247 245 247 245 245 250 246 244 247 249
247 246 240 127  78  75  75  82  99 111 123 131 165 242 246 245
247 246 240 141  93  94  94  66  67 116 125 133 136 240 246 245
245 246 247 246 245 246 246 171 135 245 246 241 129 239 246 246
246 246 245 246 247 246 245 171 134 246 246 238 119 239 246 245
245 246 247 246 245 246 246 177 146 246 246 240 109 237 246 247
245 246 247 246 245 246 246 233 229 246 246 243 161 241 246 247
249 247 244 246 250 245 245 247 245 247 247 243 247 249 245 244
246 246 247 247 246 246 246 246 246 246 246 247 246 246 246 247
244 245 249 247 244 247 247 245 247 245 246 249 246 244 247 249
247 247 245 246 247 246 246 246 246 246 246 245 246 247 246 245
248 247 244 246 249 245 245 246 245 247 247 244 247 249 245 244
