247 246 243 244 246 246 244 244 247 247 245 245 248 247 245 245
246 247 244 244 246 246 244 244 246 246 244 245 247 246 244 245
243 244 250 249 245 244 249 248 243 243 247 246 241 241 247 247
244 244 249 249 137  65  64 122 233 243 246 246 242 242 247 247
246 246 245 245 245  91  71 245 246 246 245 245 246 246 245 245
246 246 244 245 245 100  74 245 246 246 245 245 246 246 245 245
244 244 249 249 245 102  73 248 244 244 246 245 242 243 247 247
244 244 248 248 245 101  73 246 244 244 246 246 243 243 246 246
247 246 243 243 246  99  75 244 246 247 245 245 248 248 244 245
247 246 243 243 246  99  75 244 247 247 245 246 249 248 245 245
245 244 247 246 245 101  74 246 245 245 246 199 244 244 246 246
245 245 246 246 245  93  70 245 244 244 205 108 245 245 245 246
248 247 241 241 138  52  51  54  54  52  51 154 251 249 244 244
247 246 241 242 245 245 242 242 247 247 243 245 249 248 244 244
245 244 247 247 245 245 247 246 244 245 246 245 244 244 247 246
245 245 247 247 245 245 247 246 245 245 246 246 244 244 246 246
247 246 243 244 246 246 244 244 247 247 245 245 248 247 245 245
246 247 244 244 246 246 244 244 246 246 244 245 247 246 244 245
243 244 250 249 245 244 249 248 243 243 247 246 241 241 247 247
244 244 249 249 138  67  65 123 233 243 246 246 242 242 247 247
246 246 245 245 245  92  72 245 246 246 245 245 246 246 245 245
246 246 244 245 245 101  76 245 246 246 245 245 246 246 245 245
244 244 249 249 245 103  75 248 244 244 246 245 242 243 247 247
244 244 248 248 245 102  75 246 244 244 246 246 243 243 246 246
247 246 243 243 246 101  76 244 246 247 245 245 248 248 244 245
247 246 243 243 246 100  76 244 247 247 245 246 249 248 245 245
245 244 247 246 245 102  75 246 245 245 246 200 244 244 246 246
245 245 246 246 245  94  71 245 244 244 206 109 245 245 245 246
248 247 241 241 139  54  53  55  55  54  53 154 251 249 244 244
247 246 241 242 245 245 242 242 247 247 243 245 249 248 244 244
245 244 247 247 245 245 247 246 244 245 246 245 244 244 247 246
245 245 247 247 245 245 247 246 245 245 246 246 244 244 246 246
247 246 243 244 246 246 244 244 247 247 245 245 248 247 245 245
246 247 244 244 246 246 244 244 246 246 244 245 247 246 244 245
243 244 250 249 245 244 249 248 243 243 247 246 241 241 247 247
244 244 249 249 138  67  65 123 233 243 246 246 242 242 247 247
246 246 245 245 245  92  72 245 246 246 245 245 246 246 245 245
246 246 244 245 245 101  76 245 246 246 245 245 246 246 245 245
244 244 249 249 245 103  75 248 244 244 246 245 242 243 247 247
244 244 248 248 245 102  75 246 244 244 246 246 243 243 246 246
247 246 243 243 246 101  76 244 246 247 245 245 248 248 244 245
247 246 243 243 246 100  76 244 247 247 245 246 249 248 245 245
245 244 247 246 245 102  75 246 245 245 246 200 244 244 246 246
245 245 246 246 245  94  71 245 244 244 206 109 245 245 245 246
248 247 241 241 139  54  53  55  55  54  53 154 251 249 244 244
247 246 241 242 245 245 242 242 247 247 243 245 249 248 244 244
245 244 247 247 245 245 247 246 244 245 246 245 244 244 247 246
245 245 247 247 245 245 247 246 245 245 246 246 244 244 246 246

245 245 247 248 245 245 247 247 245 245 246 246 244 244 247 247
245 245 247 248 245 245 247 247 245 245 246 246 244 244 247 247
247 247 242 242 246 247 243 243 249 249 244 245 250 249 244 244
248 248 242 242 247 247 243 243 249 250 244 245 251 250 244 244
245 245 246 247 246 245 246 246 245 246 196 114 161 245 246 246
245 245 247 247 245 245 246 246 245 245 246 200  58 244 246 246
247 247 243 243 246 246 244 244 248 248 245 244  59 248 245 245
247 247 243 235 246 246 244 244 247 248 245 245  60 248 245 245
245 245 248 120 245 245 248 247 244 244 246 245  61 243 247 247
245 245 248  58  77  81  80  80  81  81  80  75  58 243 247 247
246 246 244  59  89  96  98  98  96  96  97  89  59 246 245 245
246 246 245 132 245 245 246 245 246 246 245 246 140 246 245 245
244 244 250 250 245 245 250 249 243 243 247 247 242 242 248 248
244 244 249 250 245 244 249 249 243 243 247 246 242 242 247 247
247 247 244 244 246 246 245 245 247 247 245 245 248 247 245 245
247 247 244 244 246 246 245 245 247 247 245 245 248 247 245 245
245 245 247 248 245 245 247 247 245 245 246 246 244 244 247 247
245 245 247 248 245 245 247 247 245 245 246 246 244 244 247 247
247 247 242 242 246 247 243 243 249 249 244 245 250 249 244 244
248 248 242 242 247 247 243 243 249 250 244 245 251 250 244 244
245 245 246 247 246 245 246 246 245 246 196 116 162 245 246 246
245 245 247 247 245 245 246 246 245 245 246 201  59 244 246 246
247 247 243 243 246 246 244 244 248 248 245 244  61 248 245 245
247 247 243 235 246 246 244 244 247 248 245 245  62 248 245 245
245 245 248 121 245 245 248 247 244 244 246 246  62 243 247 247
245 245 248  60  79  82  81  81  83  83  82  77  60 243 247 247
246 246 244  61  90  97  99  99  97  97  99  90  60 246 245 245
246 246 245 134 245 245 246 245 246 246 245 246 141 246 245 245
244 244 250 250 245 245 250 249 243 243 247 247 242 242 248 248
244 244 249 250 245 244 249 249 243 243 247 246 242 242 247 247
247 247 244 244 246 246 245 245 247 247 245 245 248 247 245 245
247 247 244 244 246 246 245 245 247 247 245 245 248 247 245 245
245 245 247 248 245 245 247 247 245 245 246 246 244 244 247 247
245 245 247 248 245 245 247 247 245 245 246 246 244 244 247 247
247 247 242 242 246 247 243 243 249 249 244 245 250 249 244 244
248 248 242 242 247 247 243 243 249 250 244 245 251 250 244 244
245 245 246 247 246 245 246 246 245 246 196 116 162 245 246 246
245 245 247 247 245 245 246 246 245 245 246 201  59 244 246 246
247 247 243 243 246 246 244 244 248 248 245 244  61 248 245 245
247 247 243 235 246 246 244 244 247 248 245 245  62 248 245 245
245 245 248 121 245 245 248 247 244 244 246 246  62 243 247 247
245 245 248  60  79  82  81  81  83  83  82  77  60 243 247 247
246 246 244  61  90  97  99  99  97  97  99  90  60 246 245 245
246 246 245 134 245 245 246 245 246 246 245 246 141 246 245 245
244 244 250 250 245 245 250 249 243 243 247 247 242 242 248 248
244 244 249 250 245 244 249 249 243 243 247 246 242 242 247 247
247 247 244 244 246 246 245 245 247 247 245 245 248 247 245 245
247 247 244 244 246 246 245 245 247 247 245 245 248 247 245 245

246 246 244 244 246 246 245 245 246 247 245 245 247 247 245 245
246 247 244 244 245 246 245 244 246 247 245 245 247 247 244 245
244 244 248 249 245 243 247 247 242 242 245 245 242 241 246 247
244 244 249 251 154  51  52  54  54  51  52 138 241 241 247 248
246 245 245 245 108 205 244 244 245  70  93 245 246 246 245 245
246 246 244 244 199 246 245 245 246  74 101 245 246 247 244 245
245 245 248 249 246 245 247 247 244  75  99 246 243 243 246 247
245 244 248 248 245 245 247 246 244  75  99 246 243 243 246 247
246 246 243 243 246 246 244 244 246  73 101 245 248 248 244 244
247 247 243 242 245 246 244 244 248  73 102 245 249 249 244 244
245 245 246 246 245 245 246 246 245  74 100 245 245 244 246 246
245 245 246 246 245 245 246 246 245  71  91 245 245 245 246 246
247 247 242 242 246 246 243 233 122  64  65 137 249 249 244 244
247 247 241 241 246 247 243 243 248 249 244 245 249 250 244 243
245 244 246 247 245 244 246 246 244 244 246 246 244 244 247 246
245 245 247 248 245 245 247 247 244 244 246 246 244 243 246 247
246 246 244 244 246 246 245 245 246 247 245 245 247 247 245 245
246 247 244 244 245 246 245 244 246 247 245 245 247 247 244 245
244 244 248 249 245 243 247 247 242 242 245 245 242 241 246 247
244 244 249 251 154  53  54  55  55  53  54 139 241 241 247 248
246 245 245 245 109 206 244 244 245  71  94 245 246 246 245 245
246 246 244 244 200 246 245 245 246  75 102 245 246 247 244 245
245 245 248 249 246 245 247 247 244  76 100 246 243 243 246 247
245 244 248 248 245 245 247 246 244  76 101 246 243 243 246 247
246 246 243 243 246 246 244 244 246  75 102 245 248 248 244 244
247 247 243 242 245 246 244 244 248  75 103 245 249 249 244 244
245 245 246 246 245 245 246 246 245  76 101 245 245 244 246 246
245 245 246 246 245 245 246 246 245  72  92 245 245 245 246 246
247 247 242 242 246 246 243 233 123  65  67 138 249 249 244 244
247 247 241 241 246 247 243 243 248 249 244 245 249 250 244 243
245 244 246 247 245 244 246 246 244 244 246 246 244 244 247 246
245 245 247 248 245 245 247 247 244 244 246 246 244 243 246 247
246 246 244 244 246 246 245 245 246 247 245 245 247 247 245 245
246 247 244 244 245 246 245 244 246 247 245 245 247 247 244 245
244 244 248 249 245 243 247 247 242 242 245 245 242 241 246 247
244 244 249 251 154  53  54  55  55  53  54 139 241 241 247 248
246 245 245 245 109 206 244 244 245  71  94 245 246 246 245 245
246 246 244 244 200 246 245 245 246  75 102 245 246 247 244 245
245 245 248 249 246 245 247 247 244  76 100 246 243 243 246 247
245 244 248 248 245 245 247 246 244  76 101 246 243 243 246 247
246 246 243 243 246 246 244 244 246  75 102 245 248 248 244 244
247 247 243 242 245 246 244 244 248  75 103 245 249 249 244 244
245 245 246 246 245 245 246 246 245  76 101 245 245 244 246 246
245 245 246 246 245 245 246 246 245  72  92 245 245 245 246 246
247 247 242 242 246 246 243 233 123  65  67 138 249 249 244 244
247 247 241 241 246 247 243 243 248 249 244 245 249 250 244 243
245 244 246 247 245 244 246 246 244 244 246 246 244 244 247 246
245 245 247 248 245 245 247 247 244 244 246 246 244 243 246 247

245 245 247 248 245 245 247 247 245 245 246 246 244 244 247 247
245 245 247 248 245 245 247 247 245 245 246 246 244 244 247 247
247 247 242 242 246 247 243 243 249 249 244 245 250 249 244 244
248 248 242 242 247 247 243 243 249 250 245 245 250 250 244 244
245 245 246 140 246 245 246 246 245 246 245 245 132 245 246 246
245 245 246  59  89  97  96  96  98  98  96  89  59 244 246 246
247 247 243  58  75  80  81  81  80  80  81  77  58 248 245 245
247 247 243  61 245 246 244 244 247 248 245 245 120 248 245 245
245 245 248  60 245 245 248 247 244 244 246 246 235 243 247 247
245 245 248  59 244 245 248 248 244 244 246 246 243 243 247 247
246 246 244  58 200 246 245 245 246 246 245 245 247 247 245 245
246 246 245 161 114 196 246 245 246 246 245 246 247 246 245 245
244 244 250 251 245 244 250 249 243 243 247 247 242 242 248 248
244 244 249 250 245 244 249 249 243 243 247 246 242 242 247 247
247 247 244 244 246 246 245 245 247 247 245 245 248 247 245 245
247 247 244 244 246 246 245 245 247 247 245 245 248 247 245 245
245 245 247 248 245 245 247 247 245 245 246 246 244 244 247 247
245 245 247 248 245 245 247 247 245 245 246 246 244 244 247 247
247 247 242 242 246 247 243 243 249 249 244 245 250 249 244 244
248 248 242 242 247 247 243 243 249 250 245 245 250 250 244 244
245 245 246 141 246 245 246 246 245 246 245 245 134 245 246 246
245 245 246  60  90  99  97  97  99  99  97  90  61 244 246 246
247 247 243  60  77  82  83  83  81  81  82  79  60 248 245 245
247 247 243  62 246 246 244 244 247 248 245 245 121 248 245 245
245 245 248  62 245 245 248 247 244 244 246 246 235 243 247 247
245 245 248  61 244 245 248 248 244 244 246 246 243 243 247 247
246 246 244  59 201 246 245 245 246 246 245 245 247 247 245 245
246 246 245 162 116 196 246 245 246 246 245 246 247 246 245 245
244 244 250 251 245 244 250 249 243 243 247 247 242 242 248 248
244 244 249 250 245 244 249 249 243 243 247 246 242 242 247 247
247 247 244 244 246 246 245 245 247 247 245 245 248 247 245 245
247 247 244 244 246 246 245 245 247 247 245 245 248 247 245 245
245 245 247 248 245 245 247 247 245 245 246 246 244 244 247 247
245 245 247 248 245 245 247 247 245 245 246 246 244 244 247 247
247 247 242 242 246 247 243 243 249 249 244 245 250 249 244 244
248 248 242 242 247 247 243 243 249 250 245 245 250 250 244 244
245 245 246 141 246 245 246 246 245 246 245 245 134 245 246 246
245 245 246  60  90  99  97  97  99  99  97  90  61 244 246 246
247 247 243  60  77  82  83  83  81  81  82  79  60 248 245 245
247 247 243  62 246 246 244 244 247 248 245 245 121 248 245 245
245 245 248  62 245 245 248 247 244 244 246 246 235 243 247 247
245 245 248  61 244 245 248 248 244 244 246 246 243 243 247 247
246 246 244  59 201 246 245 245 246 246 245 245 247 247 245 245
246 246 245 162 116 196 246 245 246 246 245 246 247 246 245 245
244 244 250 251 245 244 250 249 243 243 247 247 242 242 248 248
244 244 249 250 245 244 249 249 243 243 247 246 242 242 247 247
247 247 244 244 246 246 245 245 247 247 245 245 248 247 245 245
247 247 244 244 246 246 245 245 247 247 245 245 248 247 245 245
